erro 0.0968187
79.4902 18.8608 -74.2293 0.678877 -17.8848 -2.88805 -48.0972 -12.4584 -11.8248 -19.8796 70.4014 -11.9002 -10.1235
2.1075 -9.56919 -0.264928 0.0189673 0.090843 0.114901 -0.619318 3.48428 -0.0207389 13.0478 -0.246973 -1.02201 -6.26242
3.15986 0.308712 0.486665 2.07375 -2.30014 1.5799 6.17081 0.55495 2.49062 -0.217214 11.3579 0.95555 0.509285
0.144833 0.017123 0.25285 -0.0276396 0.0805155 -0.147915 0.0412465 0.340329 -0.463403 -0.0352153 0.459884 0.211844 -0.272934
-0.271457 -0.21735 -0.24375 0.0810827 0.321449 0.460003 -0.319571 0.479674 0.348269 0.493205 0.177988 0.233763 0.474258
-0.187085 -0.251795 -0.252585 -0.47318 -0.250168 0.392248 0.0439429 -0.497318 -0.135392 -0.375542 -0.145233 0.405855 0.464787
-0.110741 -0.137448 0.438025 -0.392726 0.0684638 -0.344543 -0.102786 0.355354 0.242431 -0.295744 0.312949 0.425444 -0.312681
0.17233 0.419633 0.375813 -0.0927363 0.395043 -0.311272 0.155469 -0.357542 -0.284452 0.405301 -0.465295 0.259491 0.407983
-0.100687 0.383949 -0.23725 -0.194832 0.348736 0.154115 0.175807 0.273407 0.257323 -0.226488 0.430084 -0.352938 -0.371134
0.171223 -0.146278 0.448179 0.0978358 0.0400563 0.120509 0.0174685 -0.0841309 -0.472227 -0.0874887 0.104597 0.183242 0.054969
0.309109 0.0894045 0.0950177 0.0881356 -0.0148292 0.494085 -0.032647 0.259277 -0.204878 -0.184196 -0.0794379 0.472656 -0.410577
-0.329285 -0.256526 -0.484188 -0.182223 -0.127659 0.187035 0.1715 -0.17948 -0.21513 -0.288444 0.44103 0.302339 0.127425
0.468803 -0.28515 -0.267978 0.152044 0.269819 -0.447833 -0.259413 -0.140507 0.131803 0.237114 -0.151519 -0.404612 -0.00360957
0.142636 -0.0922911 0.409782 0.112598 -0.00656277 -0.419503 0.356072 0.00924939 -0.101726 -0.271587 -0.303716 -0.430226 0.0489336
-0.0188454 -0.21867 -0.0100368 -0.216507 0.408754 -0.0412343 -0.00165635 -0.359224 -0.38919 -0.231837 -0.307057 -0.148603 0.127656
0.324746 -0.411489 0.476137 0.420134 0.0849012 0.118773 -0.172157 -0.00531667 -0.268629 0.32128 0.0751802 -0.412557 -0.16947
0.473454 -0.184143 0.0268137 -0.456772 0.36479 -0.492032 -0.175442 -0.145247 -0.208538 -0.266688 0.313519 0.289805 -0.125912
0.424329 -0.442032 0.0670319 -0.224274 0.185624 -0.108222 -0.135763 0.161761 -0.188088 0.449138 -0.219466 0.139755 -0.0561786
0.011905 -0.0389648 -0.480998 0.0993484 0.291565 0.492456 0.415205 -0.181622 -0.464316 0.279995 -0.173653 -0.139758 -0.365251
0.117808 0.0935537 0.448268 -0.0923862 0.467642 0.372597 -0.0344181 0.0346739 -0.351677 -0.348794 0.426452 0.0125602 0.312967
0.321709 0.875663 0.184589 -0.0207273 0.0940971 -0.219001 -0.146946 0.272101 -0.361988 -1.11628 -0.0705213 -0.479729 -0.104333
0.452661 0.399955 0.275444 -0.187097 -0.465296 -0.106747 0.406457 0.482972 0.300866 0.374099 0.355569 -0.233552 -0.0912271
1.04273e+24 -1.83931e+24 2.29999e+24 8.05392e+23 -1.76278e+25 0.073589 5.63872e+24 8.31736e+22 4.57428e+24 -5.63848e+23 2.15397e+24 3.07279e+23 9.7932e+23
-0.365716 0.421581 0.225169 -0.245756 -0.129321 0.177831 -0.345801 -0.353877 0.490734 -0.311097 0.0398651 0.397191 -0.328125
8.26743e+19 -1.45832e+20 1.82357e+20 6.38565e+19 -1.39764e+21 -0.468663 4.47073e+20 6.59453e+18 3.62678e+20 -4.47055e+19 1.70781e+20 2.4363e+19 7.76467e+19
1.11068e+30 -1.95917e+30 2.44987e+30 8.57876e+29 -1.87765e+31 0.142904 6.00617e+30 8.85937e+28 4.87237e+30 -6.00592e+29 2.29434e+30 3.27303e+29 1.04314e+30
0.111538 -0.259749 -0.190794 0.00872916 -0.0878738 0.149449 -0.219981 -0.0604292 -0.243861 -0.0399184 -0.0289029 -0.219516 0.475369
-0.481302 0.0354514 -0.435754 0.0446389 -0.385458 0.10483 0.454251 0.123162 0.436277 -0.327946 -0.233934 -0.310695 -0.384972
-0.336786 0.313013 0.235832 -0.285438 0.0828432 -0.15263 -0.0451872 0.39205 0.356099 0.366939 0.0414982 -0.363882 -0.19349
1.01927e+18 -1.79793e+18 2.24824e+18 7.87272e+17 -1.72312e+19 0.296116 5.51186e+18 8.13024e+16 4.47137e+18 -5.51163e+17 2.10551e+18 3.00366e+17 9.57287e+17
2.42584e+10 -4.27903e+10 5.35076e+10 1.87369e+10 -4.10097e+11 0.280557 1.31181e+11 1.93498e+09 1.06417e+11 -1.31175e+10 5.01107e+10 7.14864e+09 2.27832e+10
5.37605e+14 -9.48302e+14 1.18581e+15 4.15239e+14 -9.08841e+15 0.493268 2.90718e+15 4.28822e+13 2.35838e+15 -2.90706e+14 1.11053e+15 1.58425e+14 5.04912e+14
0.0376689 -0.086922 0.201734 0.332674 0.264355 0.378656 -0.200266 -0.118303 -0.255117 0.381821 -0.337746 -0.0758772 -0.30026
-0.342627 -0.313794 0.365029 0.107305 0.340338 -0.113582 0.424176 -0.464031 -0.456076 0.0475562 -0.470763 -0.20237 0.448355
-0.849414 -0.653428 -2.72574 0.741549 0.159711 -0.590447 -1.34947 -0.205151 -1.34095 0.178299 -0.504419 0.690451 -0.339061
-0.0772459 0.203661 0.0509924 0.329012 0.408187 0.157144 -0.444068 0.263462 -0.197709 0.347251 -0.363966 -0.304866 0.404016
33.9956 43.7579 -10.7151 -3.95676 26.4036 -1.40328 7.26802 7.57932 18.1438 -18.7026 8.40707 1.20408 -28.8731 0.644322 -27.7355 -7.80222 2.05005 12.357 -16.7075 -4.13629 85.5589 -17.8595 -0.569134 1.10391 -0.114223 -0.807134 -26.4613 30.6223 -25.056 -0.083291 -0.369481 -0.495637 -14.6584 31.3921 37.145 34.8873 -20.1856
