erro 0.0505691
-2.4182 -24.2886 7.28877 -6.86069 3.23749 6.1804 -1.84487 18.0661 -12.3893 13.8513 2.63508 9.76976 2.02439
-0.814145 -0.492476 -1.40877 -0.375144 -0.445765 0.60137 -2.0453 3.31279 3.62806 -0.281324 -4.61774 1.54798 0.157492
2.78317 1.29107 -2.53382 3.28796 -9.16141 0.50662 -9.00652 -0.666457 -2.19174 0.815426 9.62641 -1.82298 -2.58075
0.487616 0.348642 0.45802 0.0654069 -0.424265 -0.430724 -0.2626 0.0176665 0.0216119 -0.454685 -0.135281 -0.412902 0.043572
-0.322249 0.324842 0.0634606 0.200151 0.220547 0.254344 0.479485 -0.212255 -0.451416 -0.165185 -0.0581689 0.0526018 -0.114717
-0.177749 0.471349 -0.0812425 -0.020649 -0.2526 -0.0936265 -0.172007 -0.294581 0.47178 -0.0962711 -0.225305 -0.29082 0.421395
-1.05851e+12 3.85958e+11 -2.36948e+12 5.38383e+12 -6.48626e+12 -3.4228e+12 -7.88442e+12 -4.95579e+10 -5.73713e+12 1.59678e+11 -3.22619e+13 -0.356499 -1.79233e+12
-0.335544 -0.0216835 -0.34163 0.217058 0.363599 -0.0193784 0.188406 -0.217643 0.459973 0.435806 0.18873 -0.212034 -0.358775
0.160511 0.191695 -0.08408 0.369691 0.113091 -0.287773 -0.375814 0.399205 -0.404368 0.422253 -0.13693 0.303879 -0.216219
0.0270862 -0.267327 -0.100348 0.170587 0.449212 0.0641083 -0.351096 -0.392418 -0.218834 -0.487497 0.0882039 0.469572 -0.20514
0.0481765 0.405378 0.483591 0.336143 -0.453397 0.144102 0.0278377 -0.0374773 0.0137927 -0.359072 0.17475 0.137979 -0.459867
0.270382 0.0602319 -0.096797 0.074261 0.344013 0.430289 0.306934 -0.256335 0.100877 0.256146 0.307773 0.24978 0.363728
-0.411061 0.262284 -0.0480679 -0.441489 -0.442856 -0.499891 0.463889 -0.459265 0.336251 -0.489508 0.184836 -0.135911 -0.0269851
-0.301371 0.00501722 -0.352235 0.336608 0.0451503 0.418146 -0.10316 0.448353 -0.0075925 -0.259148 0.378642 -0.200659 -0.0154825
-0.020481 -0.444513 -0.207709 -0.270701 0.419216 -0.11877 0.491583 -0.128852 -0.0602584 -0.451273 -0.128744 -0.0963691 -0.410538
-0.292492 -0.0858769 0.274298 0.0715967 0.387138 0.472927 -0.423386 -0.465097 0.309535 0.121764 0.453049 -0.293625 0.0701175
-0.0545435 -0.0527724 -0.0512399 0.244798 0.431745 0.428279 0.300285 -0.275964 -0.342421 0.219501 0.105266 -0.350838 -0.409351
-0.454992 -0.302111 -0.0380948 -0.0513614 -0.212649 0.169413 0.362762 -0.438351 -0.25899 0.2499 -0.465424 -0.182377 0.284802
-27.4152 -21.7326 -54.2271 0.996214 -38.7346 15.2134 -12.7606 4.43839 -8.00451 -15.736 51.4902 -19.1154 -4.32446
-2.32111e+24 8.46331e+23 -5.1958e+24 1.18057e+25 -1.42231e+25 -7.50552e+24 -1.7289e+25 -1.08671e+23 -1.25804e+25 3.50144e+23 -7.07441e+25 0.115169 -3.93023e+24
-1.43813e+06 524376 -3.21925e+06 7.31465e+06 -8.81245e+06 -4.65033e+06 -1.0712e+07 -67330.6 -7.79466e+06 216945 -4.38321e+07 -0.332938 -2.43512e+06
88.9573 -46.737 48.2949 69.6862 -95.5147 -31.2958 -96.9387 4.39689 -73.458 -4.84953 57.7059 -42.8874 -21.6348
1.31924 1.40457 -1.68883 0.796513 0.297999 0.734003 0.278488 -0.210472 0.641899 0.0653066 0.645224 0.391783 0.0609397
0.13243 -0.131112 0.153818 0.299493 -0.495462 0.152953 -0.103986 0.0267324 -0.119521 0.146032 -0.40695 0.0558973 -0.345189
0.352652 -0.230144 0.467359 -0.496572 0.48426 0.0323157 0.332728 -0.131476 0.212442 -0.0977992 0.163655 -0.242364 0.246423
-0.361329 0.547635 -0.195255 0.42737 0.0570084 -0.109708 -0.377993 -0.305862 -0.492093 -0.251187 0.265317 -0.0197189 0.254052
-4.4205e+21 1.61181e+21 -9.89526e+21 2.24836e+22 -2.70875e+22 -1.42941e+22 -3.29264e+22 -2.06961e+20 -2.39591e+22 6.66839e+20 -1.3473e+23 0.0607975 -7.48501e+21
0.050402 0.462998 -0.435067 0.308038 0.209421 -0.247789 0.26074 -0.0810741 -0.369008 -0.203769 0.260861 -0.12134 -0.0144615
0.402289 0.130866 -0.172201 -0.0602682 -0.0901956 0.0505397 0.123206 -0.218207 -0.170823 0.461491 -0.493566 -0.122329 -0.232864
0.234503 -0.0895751 -0.394903 -0.204699 0.311703 0.155499 -0.241701 0.376635 -0.0364631 0.46772 -0.371154 -0.275723 -0.113354
-0.238422 0.0201114 -0.351838 0.179321 -0.479134 -0.44442 -0.255995 -0.168432 -0.0213995 0.165137 0.358438 -0.423013 0.453008
1.20692 0.255438 1.58894 -0.581754 0.0414287 0.415185 -1.57617 -0.11137 0.636621 0.138141 -0.377018 -0.69345 -0.0886812
0.175019 -0.47681 0.406792 0.121375 0.304736 -0.447273 -0.209045 0.240661 0.205405 -0.439058 0.458269 0.531123 0.115941
-3.63556e+07 1.32561e+07 -8.13819e+07 1.84913e+08 -2.22777e+08 -1.17559e+08 -2.70798e+08 -1.70211e+06 -1.97047e+08 5.48431e+06 -1.10807e+09 -0.158988 -6.15592e+07
-0.0895778 -2.52451 -1.16102 0.526311 0.320974 -1.22142 1.47569 -0.188863 -0.204781 -0.778143 0.407863 -1.17972 0.096694
-1.19496e+26 4.3571e+25 -2.67491e+26 6.07783e+26 -7.32237e+26 -3.86401e+26 -8.90076e+26 -5.59461e+24 -6.47668e+26 1.80262e+25 -3.64206e+27 -0.363947 -2.02337e+26
27.4774 40.3975 2.48009 17.2039 0.178314 35.0247 -4.17064 -13.9466 8.69105 2.87658 -14.3586 -29.2767 -36.5107 -27.3068 -1.42203 -10.0608 5.28892 -32.7399 24.9828 -3.63409 -3.5839 5.36239 35.3824 -16.4941 0.108878 32.0094 -3.69791 6.75287 25.4383 -5.10708 -1.80418 30.7272 14.3511 -4.20739 24.8287 -3.35865 -36.2913
