erro 0.0313949
-14.2688 -0.71357 5.17891 2.0956 -0.56158 0.551104 10.4619 -3.19865 -0.787964 1.33709 -7.7659 1.48736 2.4205
-1.67863 -2.57778 -1.46123 0.342059 0.957357 0.142876 0.724595 -1.17309 5.31886 -0.587089 1.13646 1.0838 -0.0821863
5.12641 0.49376 0.706131 3.88912 -4.45006 0.203529 -1.78662 0.232109 3.55995 0.331586 4.13468 0.532856 -1.11886
-2.06633e+26 1.51514e+26 6.32898e+26 0.0356718 6.32898e+26 0.249587 -2.02746e+26 1.71825e+24 -2.1998e+26 1.07846e+26 -6.32898e+26 0.25197 -3.5161e+25
1.14898e+06 -842491 -3.51923e+06 -0.487222 -3.51923e+06 0.474186 1.12737e+06 -9554.21 1.2232e+06 -599676 3.51923e+06 0.210549 195512
-0.255633 0.238186 -0.233546 -0.470433 0.411422 -0.258653 -0.246427 -0.333467 0.277019 -0.446025 0.41612 -0.223617 0.131453
241.544 -177.021 -738.65 0.0883101 -738.354 0.142304 236.429 -2.04219 256.943 -125.879 738.734 0.424786 40.6531
-0.471315 -0.251149 -0.177042 0.239233 -0.198885 0.0673257 -0.0225801 0.067569 0.0968922 -0.111158 0.308916 0.350465 0.0553743
0.0859349 0.40444 -0.0285057 0.362318 0.0358934 -0.192166 -0.293054 -0.317903 0.396144 -0.351373 0.324401 -0.344141 0.112183
-0.0205166 0.168119 -0.450076 -0.0957309 0.276974 -0.421391 0.153121 -0.400068 0.317842 0.454236 0.167258 -0.204738 0.0218047
-0.235383 0.183953 -0.169194 -0.38594 -0.260788 0.416658 -0.480473 0.210876 0.279915 0.0546327 -0.480752 0.485975 0.237254
0.41495 -0.365454 0.0614468 -0.429191 0.246729 -0.45907 0.238928 0.296653 -0.0548007 0.0159012 0.375262 -0.40168 0.115833
0.193104 -0.447444 -0.216909 0.488366 0.0743604 0.0472403 0.17247 0.405081 0.161855 0.411948 0.321737 0.180911 0.12292
0.10071 -0.264141 0.141726 0.0866291 0.472905 0.0566758 0.221176 0.0343517 0.127485 -0.0320952 0.0752819 -0.133588 -0.235442
-4.24774e+18 3.11466e+18 1.30104e+19 -0.381199 1.30104e+19 0.332924 -4.16783e+18 3.53219e+16 -4.52211e+18 2.21698e+18 -1.30104e+19 -0.00624016 -7.22802e+17
0.490333 -0.0942926 -0.0274649 0.171243 -0.471373 -0.426755 0.407103 0.170353 0.159874 0.380008 -0.272972 -0.11895 -0.0856408
0.750484 -0.374424 0.183369 -0.773032 -0.710971 -0.499311 -1.36015 -0.100233 -0.899488 0.786734 -0.433182 0.609947 -0.110473
0.407547 -0.454002 0.2111 -0.098693 0.196796 0.201433 0.307014 -0.330669 -0.127323 0.335641 -0.257424 -0.220221 0.00599959
0.402251 -0.339811 0.233425 -0.216636 0.0749438 0.0874847 -0.366824 0.0638293 0.308758 -0.254039 0.0736048 0.411709 -0.000725382
0.202833 0.0130863 0.0855584 -0.496887 0.395709 -0.00689453 -0.450889 0.10681 0.394412 0.245907 -0.191757 0.201427 0.415238
0.180919 0.037068 -0.342186 0.460698 -0.456938 -0.439735 -0.379515 0.276085 -0.156234 0.194631 -0.13638 -0.0237783 -0.241582
-0.354545 0.203865 0.357763 -0.278223 -0.599432 -0.015316 -0.0146338 0.29718 0.264866 -0.101539 -0.382621 0.106435 -0.405007
-0.212459 -0.0851374 -0.0881396 0.563839 -0.23094 -0.436786 -0.00690141 -0.15203 -0.470111 0.0568401 -0.0907276 -0.320543 -0.220988
0.306701 0.369949 0.12816 -0.21457 -0.36025 0.283679 -0.50552 0.458039 0.358316 -0.27092 -0.0504062 -0.0306103 -0.46501
399.763 937.27 -563.662 -268.908 66.2331 -599.3 -440.015 -33.2794 436.623 966.66 -389.321 629.134 -314.663
-3.54269e+23 2.59768e+23 1.08509e+24 0.275687 1.08509e+24 0.381067 -3.47604e+23 2.94591e+21 -3.77152e+23 1.849e+23 -1.08509e+24 -0.323552 -6.0283e+22
-1.37161e+15 1.00573e+15 4.2011e+15 -0.166563 4.2011e+15 -0.263251 -1.3458e+15 1.14055e+13 -1.4602e+15 7.15867e+14 -4.2011e+15 0.301889 -2.33395e+14
0.24163 0.499633 -0.120034 0.102737 0.103719 0.48592 0.439969 0.174412 0.261607 0.0294102 0.0554792 -0.0983425 0.234681
0.223142 -0.335511 0.227863 0.39959 0.382395 0.0927387 -0.193685 -0.409363 0.426208 0.250367 -0.172587 -0.27925 0.0319011
-6.07766e+18 4.45644e+18 1.86153e+19 0.48195 1.86153e+19 0.0871155 -5.96332e+18 5.05385e+16 -6.47023e+18 3.17205e+18 -1.86153e+19 -0.370178 -1.03418e+18
0.0266066 0.159232 0.315193 0.428264 -0.106087 0.0383344 -0.407247 -0.378225 -0.062076 0.475182 0.214513 0.244239 -0.43418
-33630.7 24659.8 103008 0.361437 103008 0.0732673 -32998.2 280.028 -35803.1 17552.9 -103008 0.0368004 -5722.56
-548098 401892 1.67877e+06 0.278782 1.67877e+06 0.407088 -537787 4557.38 -583500 286063 -1.67877e+06 0.428105 -93264.8
13.8334 -26.2358 11.9485 -7.0229 2.77825 -10.6725 -43.8315 -4.06727 -31.9716 -7.83438 -33.8578 -20.4145 -15.2174
-2.00249 -0.174834 0.685284 -2.34771 -1.47879 -0.936297 -1.01705 0.725286 -0.0711298 0.134967 0.122537 -0.0631338 0.459743
-1.227e+29 8.99701e+28 3.7582e+29 -0.389458 3.7582e+29 0.137133 -1.20392e+29 1.02031e+27 -1.30626e+29 6.40397e+28 -3.7582e+29 0.466748 -2.08789e+28
-23.4696 31.7934 22.6926 -6.30391 -16.9611 32.3483 -17.0415 -67.6534 6.4593 8.23144 13.5964 4.39335 9.26785 -4.50631 -6.00022 -35.3698 27.1877 -4.91923 -0.0680544 -13.2045 5.1478 24.2186 29.295 -9.74395 2.53243 -5.78592 -5.63644 18.1408 -2.80934 -5.64942 -3.0147 -5.81915 -6.26433 -0.279652 33.1273 -5.52375 -23.5159
